6.539622e-09 0.01229491 1.662784e-08 0.03474199 1.133458e-10 0.07993591 0.1158978 0.6421935 0.1149359 
5.997386e-14 0.003771622 1.347459e-08 0.07124802 1.08287e-08 0.1004096 8.502947e-10 0.6528632 0.1717075 
2.587752e-08 5.456774e-08 8.27637e-09 0.1163411 1.345883e-08 0.07227156 5.842317e-12 0.6649026 0.1464847 
1.952451e-08 0.003406837 5.404707e-08 0.0674612 2.021132e-08 0.04443939 0.263188 0.5152876 0.1062169 
5.447157e-10 6.306857e-08 8.526245e-09 0.03795416 1.322672e-08 0.05175033 0.1261173 0.6768322 0.1073459 
3.05063e-09 0.00597544 8.421453e-09 0.02933899 2.10638e-08 0.03550499 1.519413e-08 0.9130128 0.01616774 
2.076397e-09 0.006996417 3.78814e-08 0.02808157 2.307215e-08 0.04165819 2.200991e-08 0.9107466 0.01251715 
5.266022e-09 0.01239819 2.365247e-08 0.01654647 1.280978e-08 0.05161151 2.663216e-08 0.9117969 0.007646875 
2.808825e-08 0.004780751 1.11492e-08 0.0480943 1.635022e-08 0.03796052 1.260651e-09 0.9066804 0.002483985 
8.250304e-08 0.02327535 6.39224e-08 0.03696289 4.922267e-08 0.05434713 2.094085e-08 0.8829809 0.002433508 
7.657587e-09 5.693451e-08 7.394126e-09 0.08522673 6.288125e-09 0.06647011 5.207776e-11 0.6990972 0.1492059 
1.804069e-09 0.0007385263 9.185607e-09 0.01074633 1.308156e-08 0.05843375 2.098909e-08 0.9135566 0.01652473 
8.643645e-10 1.132387e-09 2.867615e-09 0.05353897 1.402896e-12 0.0512956 0.1083264 0.6884371 0.09840194 
2.912915e-08 0.003812548 2.406589e-08 0.07952194 2.687742e-08 0.03487196 1.281249e-08 0.65277 0.2290235 
3.710781e-12 2.784654e-08 8.814839e-09 0.085886 1.914164e-08 0.08157924 9.827498e-09 0.6197242 0.2128105 
8.901847e-09 0.003991275 3.093972e-08 0.01878791 5.551284e-08 0.03968836 2.158063e-08 0.9305811 0.006951292 
3.448633e-09 0.005724661 1.881567e-08 0.01654261 4.066888e-08 0.05143911 1.573585e-08 0.9168737 0.009419868 
7.100946e-09 4.430696e-07 1.766537e-08 0.02531877 2.216834e-08 0.0685183 0.06952496 0.7401506 0.09648691 
2.454857e-09 0.00620402 1.792816e-08 0.03368102 1.819173e-08 0.03147289 1.872717e-08 0.6820814 0.2465606 
3.250692e-10 1.696342e-08 8.94788e-09 0.03262581 1.573564e-08 0.05023056 7.969366e-09 0.6776928 0.2394507 
3.886513e-13 3.094961e-08 3.159169e-09 0.04002569 5.627793e-09 0.03530402 2.736596e-09 0.7133081 0.2113622 
1.532406e-08 0.01232943 3.20234e-07 0.02526711 4.614407e-08 0.03701161 6.112155e-08 0.9201745 0.005216876 
7.170023e-10 1.656759e-07 7.129079e-09 0.09111466 8.260894e-09 0.06807242 1.275489e-08 0.6266338 0.214179 
1.015623e-09 0.00830045 1.177992e-08 0.02339628 1.622678e-08 0.03255901 9.135196e-09 0.7240306 0.2117136 
